WER: 0.1481828839390387
CER: 0.06848087313203592